9.962061885744333267e-04
9.685929981060326099e-04
9.887743508443236351e-04
9.737695218063890934e-04
1.023759483359754086e-03
8.966916357167065144e-04
1.008162857033312321e-03
1.065114745870232582e-03
9.551851544529199600e-04
9.472029050812125206e-04
9.102184558287262917e-04
1.007097656838595867e-03
1.065211603417992592e-03
9.850963251665234566e-04
9.683115640655159950e-04
9.323862614110112190e-04
1.037332345731556416e-03
1.188082387670874596e-03
1.089850673452019691e-03
9.335982031188905239e-04
9.926792699843645096e-04
9.735273779369890690e-04
1.050924183800816536e-03
1.002161763608455658e-03
1.105317263863980770e-03
9.312908514402806759e-04
1.022335956804454327e-03
1.064212643541395664e-03
8.948596077971160412e-04
9.385570883750915527e-04
1.009180676192045212e-03
1.014480832964181900e-03
1.018202747218310833e-03
9.208736591972410679e-04
9.997413726523518562e-04
9.925371268764138222e-04
1.001543249003589153e-03
1.010181964375078678e-03
1.037503592669963837e-03
1.024913275614380836e-03
1.130488933995366096e-03
1.002244884148240089e-03
1.037518843077123165e-03
1.028143684379756451e-03
1.012933556921780109e-03
1.140413456596434116e-03
1.049324404448270798e-03
9.613095899112522602e-04
9.970879182219505310e-04
1.048689126037061214e-03
9.830455528572201729e-04
1.091188634745776653e-03
9.451987571083009243e-04
1.038219314068555832e-03
9.388039470650255680e-04
1.037263195030391216e-03
9.688173304311931133e-04
9.939537849277257919e-04
1.052193227224051952e-03
1.016817637719213963e-03
1.038903254084289074e-03
1.058558118529617786e-03
1.140854787081480026e-03
1.004128134809434414e-03
9.916431736201047897e-04
1.038053305819630623e-03
9.954784763976931572e-04
1.023203018121421337e-03
9.734894847497344017e-04
1.020291587337851524e-03
1.065655727870762348e-03
1.116164959967136383e-03
1.046404242515563965e-03
9.600932826288044453e-04
1.073932391591370106e-03
1.102929469197988510e-03
1.130815595388412476e-03
9.853506926447153091e-04
1.018881681375205517e-03
9.524626657366752625e-04
1.041464623995125294e-03
9.918028954416513443e-04
1.054994761943817139e-03
9.918714640662074089e-04
1.005684956908226013e-03
9.723702096380293369e-04
9.740777313709259033e-04
9.074504487216472626e-04
9.825135348364710808e-04
1.004999270662665367e-03
9.996951557695865631e-04
9.001636062748730183e-04
1.049751066602766514e-03
1.046833931468427181e-03
1.027124002575874329e-03
9.377778624184429646e-04
1.018682494759559631e-03
8.930844487622380257e-04
9.989185491576790810e-04
9.248062851838767529e-04
1.121609122492372990e-03
1.086834003217518330e-03
1.021439791657030582e-03
1.022489392198622227e-03
9.633800946176052094e-04
9.046461782418191433e-04
1.049498096108436584e-03
1.055827713571488857e-03
1.052527804858982563e-03
1.058403868228197098e-03
1.010674517601728439e-03
1.026800950057804585e-03
9.739463566802442074e-04
1.044895965605974197e-03
9.458004496991634369e-04
9.556584409438073635e-04
9.309005690738558769e-04
1.028730766847729683e-03
1.047095865942537785e-03
1.020729774609208107e-03
9.880347643047571182e-04
9.875774849206209183e-04
1.024807337671518326e-03
1.111569232307374477e-03
9.690683218650519848e-04
9.473508689552545547e-04
1.040496164932847023e-03
1.063247676938772202e-03
1.051297062076628208e-03
9.459513821639120579e-04
9.926171042025089264e-04
9.009164641611278057e-04
9.946437785401940346e-04
1.021142466925084591e-03
9.933731053024530411e-04
9.916446870192885399e-04
1.000318909063935280e-03
9.463144815526902676e-04
9.847376495599746704e-04
9.033110109157860279e-04
9.930192027240991592e-04
9.170860867016017437e-04
9.222322260029613972e-04
9.915683185681700706e-04
9.570148540660738945e-04
9.350331383757293224e-04
1.048498088493943214e-03
1.030310173518955708e-03
1.004781806841492653e-03
1.025984412990510464e-03
1.003234065137803555e-03
9.828879265114665031e-04
9.231400908902287483e-04
1.073648454621434212e-03
9.736617212183773518e-04
1.042451709508895874e-03
1.022797543555498123e-03
9.982332121580839157e-04
9.368957835249602795e-04
9.880872676149010658e-04
1.003631157800555229e-03
8.669113158248364925e-04
1.010251697152853012e-03
9.960643947124481201e-04
1.002315781079232693e-03
1.065751188434660435e-03
1.051576924510300159e-03
1.042798394337296486e-03
1.033856649883091450e-03
9.780875407159328461e-04
9.969285456463694572e-04
9.526164503768086433e-04
1.137389102950692177e-03
1.090523670427501202e-03
1.031054765917360783e-03
9.850397473201155663e-04
1.123957801610231400e-03
1.058017020113766193e-03
9.456800180487334728e-04
9.899912402033805847e-04
9.385154698975384235e-04
9.139406611211597919e-04
1.045407494530081749e-03
1.000060234218835831e-03
1.032770029269158840e-03
1.001494703814387321e-03
1.072425628080964088e-03
9.921500459313392639e-04
9.477036655880510807e-04
1.078352564945816994e-03
1.129487412981688976e-03
1.126206247135996819e-03
9.802338900044560432e-04
9.783812565729022026e-04
9.994804859161376953e-04
1.036372152157127857e-03
1.177642610855400562e-03
1.090073725208640099e-03
9.508168441243469715e-04
1.015836955048143864e-03
9.488998912274837494e-04
9.377109236083924770e-04
1.096206251531839371e-03
9.722293470986187458e-04
9.403754957020282745e-04
9.635707829147577286e-04
1.044860458932816982e-03
1.000887015834450722e-03
1.017848495393991470e-03
9.300192468799650669e-04
9.606005041860044003e-04
9.122333140112459660e-04
9.356902446597814560e-04
9.869205532595515251e-04
9.799792896956205368e-04
1.022062613628804684e-03
1.122562563978135586e-03
9.773658821359276772e-04
9.679241920821368694e-04
8.837626664899289608e-04
9.051412926055490971e-04
1.040166593156754971e-03
1.025701989419758320e-03
1.140563748776912689e-03
1.018259208649396896e-03
1.074898056685924530e-03
9.974727872759103775e-04
1.005218597128987312e-03
1.037725596688687801e-03
9.618711192160844803e-04
9.265515836887061596e-04
1.001616707071661949e-03
1.011230982840061188e-03
9.683019015938043594e-04
9.757669758982956409e-04
1.083877054043114185e-03
9.586716187186539173e-04
9.337845258414745331e-04
9.566940716467797756e-04
1.051086932420730591e-03
9.633627487346529961e-04
9.376548696309328079e-04
9.629766573198139668e-04
1.067391596734523773e-03
1.031714258715510368e-03
9.131290717050433159e-04
9.867980843409895897e-04
9.988356614485383034e-04
1.045136828906834126e-03
1.012916327454149723e-03
9.358631214126944542e-04
9.510437957942485809e-04
1.013147761113941669e-03
9.982585906982421875e-04
9.452455560676753521e-04
8.931709453463554382e-04
1.044070813804864883e-03
9.566741646267473698e-04
9.742911788634955883e-04
1.014862675219774246e-03
1.064325682818889618e-03
1.017234404571354389e-03
9.944248013198375702e-04
9.988981764763593674e-04
9.834450902417302132e-04
9.806519374251365662e-04
9.718246874399483204e-04
9.644725942052900791e-04
8.537720423191785812e-04
1.048684120178222656e-03
1.036452478729188442e-03
1.008472754620015621e-03
9.429179481230676174e-04
9.572246344760060310e-04
9.453999227844178677e-04
9.933054680004715919e-04
9.602123755030333996e-04
1.014986424706876278e-03
9.898057905957102776e-04
1.183466752991080284e-03
9.898194111883640289e-04
1.036140020005404949e-03
9.860116988420486450e-04
1.011310145258903503e-03
1.025250996463000774e-03
9.584134677425026894e-04
1.010190346278250217e-03
1.008624676614999771e-03
1.059595029801130295e-03
9.746259893290698528e-04
1.030382933095097542e-03
1.012949040159583092e-03
9.529104572720825672e-04
1.011470332741737366e-03
9.542894549667835236e-04
9.912773966789245605e-04
9.762949775904417038e-04
9.475845145061612129e-04
9.699704241938889027e-04
1.044343342073261738e-03
1.103797461837530136e-03
1.023957040160894394e-03
1.019400311633944511e-03
9.330452303402125835e-04
9.660872747190296650e-04
1.141558750532567501e-03
9.056639391928911209e-04
1.147244824096560478e-03
1.051137340255081654e-03
1.017515081912279129e-03
1.033136271871626377e-03
1.049960730597376823e-03
1.021413248963654041e-03
9.342613047920167446e-04
9.395579108968377113e-04
9.174849838018417358e-04
1.021314994432032108e-03
1.041308045387268066e-03
1.072020852006971836e-03
1.009603962302207947e-03
9.460273431614041328e-04
9.892411762848496437e-04
1.070471364073455334e-03
1.074104919098317623e-03
9.926967322826385498e-04
1.000579562969505787e-03
1.063186326064169407e-03
9.797394741326570511e-04
9.244589018635451794e-04
9.901282610371708870e-04
9.598570177331566811e-04
1.029120525345206261e-03
1.022984972223639488e-03
9.898218559101223946e-04
1.025118632242083549e-03
1.084326533600687981e-03
9.957314468920230865e-04
1.107720076106488705e-03
9.182810317724943161e-04
1.035442692227661610e-03
1.170735456980764866e-03
1.027682330459356308e-03
9.733128827065229416e-04
9.485591435804963112e-04
1.008184044621884823e-03
9.722401737235486507e-04
1.109626842662692070e-03
1.025150064378976822e-03
9.207439143210649490e-04
1.070107566192746162e-03
9.267968125641345978e-04
9.324997663497924805e-04
1.021606149151921272e-03
9.542618063278496265e-04
1.056466484442353249e-03
9.572447161190211773e-04
1.003457116894423962e-03
1.038091257214546204e-03
9.574032737873494625e-04
9.774146601557731628e-04
9.788135066628456116e-04
9.934015106409788132e-04
1.043617026880383492e-03
9.598492179065942764e-04
1.059535541571676731e-03
9.924455080181360245e-04
1.004548976197838783e-03
1.123417518101632595e-03
9.760026587173342705e-04
1.110218581743538380e-03
1.024189405143260956e-03
9.935246780514717102e-04
1.004075515083968639e-03
8.883499540388584137e-04
1.041890820488333702e-03
1.035651657730340958e-03
9.905404876917600632e-04
9.821944404393434525e-04
9.278379729948937893e-04
1.000493182800710201e-03
9.355489164590835571e-04
9.852498769760131836e-04
1.028317026793956757e-03
1.002410426735877991e-03
1.031296094879508018e-03
9.330880129709839821e-04
1.048405072651803493e-03
1.006007776595652103e-03
9.971845429390668869e-04
9.926959173753857613e-04
1.042482443153858185e-03
1.018872251734137535e-03
9.705997072160243988e-04
9.957967558875679970e-04
1.067498233169317245e-03
1.002991572022438049e-03
1.107413554564118385e-03
9.806185262277722359e-04
1.010198378935456276e-03
9.398032561875879765e-04
1.037837238982319832e-03
9.249871945939958096e-04
9.906160412356257439e-04
9.568275418132543564e-04
1.029199804179370403e-03
9.759849053807556629e-04
1.011133776046335697e-03
9.445882751606404781e-04
9.029524517245590687e-04
9.569704998284578323e-04
1.060354872606694698e-03
9.715654887259006500e-04
1.093272236175835133e-03
1.021939679048955441e-03
1.036358298733830452e-03
1.083739916794002056e-03
9.760543471202254295e-04
9.101235773414373398e-04
9.782033739611506462e-04
1.003798446618020535e-03
1.073991297744214535e-03
1.080843736417591572e-03
1.001989468932151794e-03
1.005424303002655506e-03
9.883577004075050354e-04
9.615531307645142078e-04
1.046362332999706268e-03
9.472430101595818996e-04
1.053819549269974232e-03
9.795271325856447220e-04
1.068673795089125633e-03
1.046876306645572186e-03
9.721864480525255203e-04
9.003956220112740993e-04
9.956725407391786575e-04
9.416995453648269176e-04
9.220158681273460388e-04
1.052753766998648643e-03
1.127723138779401779e-03
1.018526032567024231e-03
9.816742967814207077e-04
1.062286086380481720e-03
9.695084881968796253e-04
9.710637386888265610e-04
9.498686995357275009e-04
9.263607207685709000e-04
9.868134511634707451e-04
1.041788607835769653e-03
1.096176798455417156e-03
1.093197730369865894e-03
9.959926828742027283e-04
9.481210145168006420e-04
9.625023230910301208e-04
9.879490826278924942e-04
9.873310336843132973e-04
9.950369130820035934e-04
9.685341501608490944e-04
9.902730816975235939e-04
9.170324192382395267e-04
1.028031692840158939e-03
1.078730332665145397e-03
9.513863478787243366e-04
1.059086644090712070e-03
9.307590080425143242e-04
9.593529975973069668e-04
9.345343569293618202e-04
1.048601465299725533e-03
9.623124497011303902e-04
9.642919758334755898e-04
9.031844092532992363e-04
9.386369492858648300e-04
9.966226061806082726e-04
9.797642705962061882e-04
1.040181843563914299e-03
8.848035940900444984e-04
9.944256162270903587e-04
9.953118860721588135e-04
9.780557593330740929e-04
8.992506773211061954e-04
1.119151711463928223e-03
1.035328023135662079e-03
1.059063593856990337e-03
1.026938320137560368e-03
9.873287053778767586e-04
1.024920027703046799e-03
9.852829389274120331e-04
9.798635728657245636e-04
9.498147992417216301e-04
9.943086188286542892e-04
9.498108993284404278e-04
9.403919102624058723e-04
9.070967207662761211e-04
9.826556779444217682e-04
1.065726624801754951e-03
9.357765666209161282e-04
1.056039822287857533e-03
9.373462526127696037e-04
9.910266380757093430e-04
9.238120983354747295e-04
9.779365500435233116e-04
9.639529744163155556e-04
1.027893275022506714e-03
1.002663047984242439e-03
1.030218088999390602e-03
9.738716180436313152e-04
9.560711332596838474e-04
9.293720358982682228e-04
9.925405029207468033e-04
1.013705506920814514e-03
9.315023780800402164e-04
8.979028207249939442e-04
9.966817451640963554e-04
9.475895785726606846e-04
1.053393003530800343e-03
9.616870665922760963e-04
1.005610916763544083e-03
9.267138084396719933e-04
9.699780493974685669e-04
1.009326078929007053e-03
1.126425224356353283e-03
9.507032227702438831e-04
9.290729649364948273e-04
9.610831039026379585e-04
1.104792347177863121e-03
9.177293977700173855e-04
1.033656764775514603e-03
1.068076933734118938e-03
9.283401304855942726e-04
9.162108181044459343e-04
1.048083766363561153e-03
9.748417651280760765e-04
1.013214816339313984e-03
9.168995893560349941e-04
9.489171789027750492e-04
9.200776112265884876e-04
1.043810741975903511e-03
1.040506875142455101e-03
9.758155210874974728e-04
9.837897960096597672e-04
1.006905455142259598e-03
1.034518238157033920e-03
1.020209281705319881e-03
1.040790462866425514e-03
9.963192278519272804e-04
9.508814546279609203e-04
1.016083988361060619e-03
1.014083041809499264e-03
1.000654534436762333e-03
9.669249411672353745e-04
9.793052449822425842e-04
1.003462006337940693e-03
1.050558872520923615e-03
9.793789358809590340e-04
9.600004414096474648e-04
9.570361580699682236e-04
9.078090661205351353e-04
9.712624014355242252e-04
9.988888632506132126e-04
9.343946585431694984e-04
9.072556276805698872e-04
1.022755168378353119e-03
9.630900458432734013e-04
9.993662824854254723e-04
9.092448162846267223e-04
9.781842818483710289e-04
1.036689849570393562e-03
1.010837731882929802e-03
1.057303743436932564e-03
9.846654720604419708e-04
9.646172402426600456e-04
9.047717903740704060e-04
1.070915022864937782e-03
1.096061547286808491e-03
9.911198867484927177e-04
1.021642237901687622e-03
9.010595385916531086e-04
1.019117422401905060e-03
1.019985298626124859e-03
1.034993794746696949e-03
1.003848388791084290e-03
9.624567464925348759e-04
1.037789392285048962e-03
1.148375915363430977e-03
9.184298687614500523e-04
9.639856289140880108e-04
9.250547154806554317e-04
9.608668042346835136e-04
1.039969036355614662e-03
1.009486382827162743e-03
9.003406739793717861e-04
9.026863845065236092e-04
9.612888679839670658e-04
9.247201378457248211e-04
9.742748807184398174e-04
9.134135907515883446e-04
9.689112775959074497e-04
9.204111411236226559e-04
9.673689492046833038e-04
9.532322292216122150e-04
9.754463681019842625e-04
9.958624141290783882e-04
9.115685243159532547e-04
1.004608930088579655e-03
9.863629238680005074e-04
9.245747933164238930e-04
9.632405126467347145e-04
9.775030193850398064e-04
1.082716858945786953e-03
9.815648663789033890e-04
9.900734294205904007e-04
9.397690882906317711e-04
9.818075923249125481e-04
9.823726722970604897e-04
9.674165048636496067e-04
1.105880714021623135e-03
1.032140222378075123e-03
9.738124790601432323e-04
9.519187151454389095e-04
9.541438193991780281e-04
9.961603209376335144e-04
9.681443334557116032e-04
9.738265071064233780e-04
1.074227853678166866e-03
8.874213090166449547e-04
9.539935854263603687e-04
9.916782146319746971e-04
9.473044192418456078e-04
9.425901225768029690e-04
1.036978326737880707e-03
9.804848814383149147e-04
9.198749903589487076e-04
8.630285155959427357e-04
9.416451212018728256e-04
1.010587206110358238e-03
1.020915107801556587e-03
9.941111784428358078e-04
1.028894097544252872e-03
9.810512419790029526e-04
1.020784024149179459e-03
9.672761079855263233e-04
9.908773936331272125e-04
1.074770698323845863e-03
1.110493903979659081e-03
1.058649737387895584e-03
9.800499537959694862e-04
9.068885701708495617e-04
1.045328914187848568e-03
9.412982035428285599e-04
1.028178026899695396e-03
9.819773258641362190e-04
1.099056447856128216e-03
9.077243739739060402e-04
9.686972480267286301e-04
9.505058405920863152e-04
9.861529106274247169e-04
9.688431164249777794e-04
9.679719805717468262e-04
9.611976565793156624e-04
8.918658713810145855e-04
9.703871328383684158e-04
1.061464077793061733e-03
1.071908627636730671e-03
1.021843170747160912e-03
1.064265030436217785e-03
1.066200784407556057e-03
1.014543464407324791e-03
9.821549756452441216e-04
1.064993673935532570e-03
1.084267743863165379e-03
9.669004357419908047e-04
9.827205212786793709e-04
9.669312275946140289e-04
1.049593556672334671e-03
9.621466742828488350e-04
9.390666382387280464e-04
9.988857200369238853e-04
1.031528809107840061e-03
9.573372662998735905e-04
1.009655534289777279e-03
9.988379897549748421e-04
9.359885589219629765e-04
1.047909376211464405e-03
9.920798474922776222e-04
9.388936450704932213e-04
1.083881128579378128e-03
1.072308979928493500e-03
9.967234218493103981e-04
9.094753186218440533e-04
9.592064307071268559e-04
1.078442437574267387e-03
9.622975485399365425e-04
1.130126300267875195e-03
9.014796814881265163e-04
1.015605404973030090e-03
1.088402932509779930e-03
1.016971538774669170e-03
9.685246623121201992e-04
9.312659385614097118e-04
9.670521831139922142e-04
1.027468359097838402e-03
1.118970452807843685e-03
1.072376733645796776e-03
9.493894758634269238e-04
1.002524048089981079e-03
9.735740022733807564e-04
1.100745634175837040e-03
1.068494631908833981e-03
9.171974379569292068e-04
1.039309776388108730e-03
1.024237601086497307e-03
1.144979614764451981e-03
1.003173645585775375e-03
1.063232659362256527e-03
1.033140229992568493e-03
1.076543005183339119e-03
9.869147324934601784e-04
1.112296362407505512e-03
1.069312915205955505e-03
9.467172203585505486e-04
8.904420537874102592e-04
1.112163066864013672e-03
9.586733649484813213e-04
8.430919260717928410e-04
1.111396355554461479e-03
9.970844257622957230e-04
9.684382239356637001e-04
1.056460314430296421e-03
9.357440285384654999e-04
1.028124941512942314e-03
9.380261762998998165e-04
9.525246568955481052e-04
1.077267341315746307e-03
1.000766875222325325e-03
8.793902234174311161e-04
9.117447189055383205e-04
9.461325826123356819e-04
9.813783690333366394e-04
1.026401179842650890e-03
9.939309675246477127e-04
1.052618958055973053e-03
1.094830338843166828e-03
1.081540947780013084e-03
1.120162662118673325e-03
1.038233865983784199e-03
1.078412635251879692e-03
9.247321286238729954e-04
1.005763188004493713e-03
1.015578745864331722e-03
1.051133382134139538e-03
9.836925892159342766e-04
1.040826202370226383e-03
9.213538723997771740e-04
9.114939603023231030e-04
1.018486102111637592e-03
9.858383564278483391e-04
1.066791242919862270e-03
1.020731986500322819e-03
1.043375697918236256e-03
1.130807562731206417e-03
1.033999607898294926e-03
9.754964848980307579e-04
1.049125799909234047e-03
1.053274376317858696e-03
1.153221819549798965e-03
1.065566786564886570e-03
1.034387620165944099e-03
9.565223008394241333e-04
1.064379699528217316e-03
1.046174787916243076e-03
9.774079080671072006e-04
9.791945340111851692e-04
1.023827120661735535e-03
1.071909093298017979e-03
9.206368704326450825e-04
1.057399669662117958e-03
9.367023594677448273e-04
1.050656544975936413e-03
1.086585456505417824e-03
1.053025829605758190e-03
9.449525387026369572e-04
1.064281095750629902e-03
1.016060123220086098e-03
1.076282467693090439e-03
1.012078952044248581e-03
9.428482153452932835e-04
9.802632266655564308e-04
9.726216667331755161e-04
9.575693402439355850e-04
1.016735215671360493e-03
9.465682087466120720e-04
1.065865042619407177e-03
1.059917500242590904e-03
1.138829742558300495e-03
9.956648573279380798e-04
9.762876434251666069e-04
9.686592966318130493e-04
9.782883571460843086e-04
1.003803219646215439e-03
8.650457020848989487e-04
1.009681378491222858e-03
9.984950302168726921e-04
8.805322577245533466e-04
9.308653534390032291e-04
9.746171999722719193e-04
1.026064623147249222e-03
9.377065580338239670e-04
1.042219111695885658e-03
9.413404040969908237e-04
1.051094150170683861e-03
9.447614429518580437e-04
9.619653574191033840e-04
1.136844861321151257e-03
8.865790441632270813e-04
1.072974177077412605e-03
9.932644898071885109e-04
9.586383239366114140e-04
1.026921556331217289e-03
9.820660343393683434e-04
1.033140695653855801e-03
9.867533808574080467e-04
9.545676293782889843e-04
9.884511819109320641e-04
1.050691120326519012e-03
1.135263242758810520e-03
9.504900081083178520e-04
9.591077687218785286e-04
1.014948473311960697e-03
9.906120831146836281e-04
9.742456604726612568e-04
9.376312373206019402e-04
1.043744850903749466e-03
1.032254192978143692e-03
1.035768771544098854e-03
1.131411059759557247e-03
1.084381947293877602e-03
1.069575315341353416e-03
9.308472508564591408e-04
9.360655676573514938e-04
9.214824531227350235e-04
9.331093751825392246e-04
9.315284551121294498e-04
9.408224141225218773e-04
9.784605354070663452e-04
9.919474832713603973e-04
1.024739583954215050e-03
9.419598500244319439e-04
8.599459542892873287e-04
9.900376899167895317e-04
1.073220861144363880e-03
9.341271943412721157e-04
9.787158342078328133e-04
9.435038664378225803e-04
9.992527775466442108e-04
1.054064370691776276e-03
9.912220994010567665e-04
1.019503804855048656e-03
1.039725611917674541e-03
9.600134217180311680e-04
9.104719501920044422e-04
9.475929546169936657e-04
8.904109708964824677e-04
1.032004249282181263e-03
1.101539703086018562e-03
1.003373414278030396e-03
1.088323537260293961e-03
1.044383156113326550e-03
1.025467296130955219e-03
8.636887068860232830e-04
1.017528004013001919e-03
9.398506954312324524e-04
9.751416509971022606e-04
1.109787612222135067e-03
9.548609377816319466e-04
9.386779856868088245e-04
9.286407148465514183e-04
1.010598614811897278e-03
9.604495135135948658e-04
9.849908528849482536e-04
9.438437409698963165e-04
1.056972891092300415e-03
9.823595173656940460e-04
1.018880750052630901e-03
1.032889471389353275e-03
1.069887424819171429e-03
1.034987508319318295e-03
1.098151085898280144e-03
9.397880057804286480e-04
9.140078909695148468e-04
9.821522980928421021e-04
1.108775963075459003e-03
8.935664664022624493e-04
9.877780685201287270e-04
1.101248781196773052e-03
9.622965590097010136e-04
9.574914583936333656e-04
1.050082384608685970e-03
9.597564931027591228e-04
1.092871534638106823e-03
9.566146763972938061e-04
1.110561075620353222e-03
1.041684765368700027e-03
9.153954451903700829e-04
1.013510744087398052e-03
9.246548288501799107e-04
9.923356119543313980e-04
1.003437326289713383e-03
1.040562056005001068e-03
9.488961659371852875e-04
9.963483316823840141e-04
1.007350510917603970e-03
9.812123607844114304e-04
1.107392716221511364e-03
1.088376506231725216e-03
1.046997262164950371e-03
1.114090671762824059e-03
1.061059301719069481e-03
9.845307795330882072e-04
1.025529461912810802e-03
1.056247856467962265e-03
1.004890655167400837e-03
1.001983182504773140e-03
9.821564890444278717e-04
9.506026981398463249e-04
1.201443257741630077e-03
9.571139235049486160e-04
9.995441650971770287e-04
1.048406935296952724e-03
1.035310677252709866e-03
1.003628480248153210e-03
9.567964007146656513e-04
9.638348710723221302e-04
1.040176139213144779e-03
9.630494168959558010e-04
1.037224894389510155e-03
1.015752437524497509e-03
9.703933028504252434e-04
9.848546469584107399e-04
1.029450213536620140e-03
9.677889174781739712e-04
1.036657020449638367e-03
1.077325199730694294e-03
9.353467030450701714e-04
9.509499650448560715e-04
1.024269731715321541e-03
9.789500618353486061e-04
9.599155164323747158e-04
1.000161282718181610e-03
1.032874220982193947e-03
9.958113078027963638e-04
1.019326387904584408e-03
9.656809270381927490e-04
1.044019358232617378e-03
1.026130863465368748e-03
1.010852167382836342e-03
9.226324618794023991e-04
1.083945273421704769e-03
1.051289145834743977e-03
1.050463179126381874e-03
1.056593493558466434e-03
1.031075953505933285e-03
1.040267990902066231e-03
9.472161182202398777e-04
1.064053387381136417e-03
8.776620961725711823e-04
9.689829312264919281e-04
9.537389269098639488e-04
1.065016724169254303e-03
1.083726179786026478e-03
1.056876149959862232e-03
8.670626557432115078e-04
1.057564630173146725e-03
9.538253652863204479e-04
1.014226698316633701e-03
1.057053566910326481e-03
9.734291234053671360e-04
9.614389855414628983e-04
1.000631833449006081e-03
9.933054680004715919e-04
9.987473022192716599e-04
1.069857738912105560e-03
9.370264597237110138e-04
9.016330004669725895e-04
9.968375088647007942e-04
9.804150322452187538e-04
1.022162148728966713e-03
9.665672550909221172e-04
9.998743189498782158e-04
1.081960508599877357e-03
9.330663597211241722e-04
1.016173162497580051e-03
9.202690562233328819e-04
1.030841027386486530e-03
9.729336015880107880e-04
1.003055134788155556e-03
9.992445120587944984e-04
9.806769667193293571e-04
9.730030433274805546e-04
9.612626163288950920e-04
1.015175599604845047e-03
9.470553486607968807e-04
